120
240
360
480
600
720
840
960
1080

1320
1440
1560
1680
1800
1920
2040
2160
2280

2520
2640
2760
2880
3000
3120
3240
3360
3480

3720
3840
3960
4080
4200

4440
4560
4680

4920
5040
5160
5280
5400
5520
5640
5760

6120
6240
6360
6480
6600
6720
6840
6960

7200
7320
7440
7560
7680
7800
7920
8040
8160
8280
8520

8640
8760
8880
9000
9120
9240
9360
9480

9720
9840
9960
10080
10200
10320
10440
10560

10920
11040
11160
11280
11400
11520
11640
11760
11880

12120
12240
12360
12480

12840
12960
13080

13320
13440
13560
13680
13800
13920
14040
14160

14520
14640
14760
14880
15000
15120
15240

15720
15840
15960
16080
16200     
16320
16440
16560
16680

16920
17040
17160
17280
17400
17520
17640
17760
17880

18120
18240
18360
18480
18600
18720
18840
18960

19320
19440
19560
19680
19800
19920
20040
20160
20280

20520
20640
20760
20880
21000
21120
21240
21360

21720
21840
21960
22080

22440
22560
22680

22920
23040
23160
23280
23400
23520
23640
23760
23880

24120
24240
24360
24480
24600
24720
24840
24960
25080

25320
25440
25560
25680
25800
25920
26040
26160

26520
26640
26760
26880

27240
27360
27480

27720
27840
27960
28080
28200
28320
28440
28560
28680

28920
29040
29160
29280
29400
29520
29640
29760

30120
30240
30360
30480
30600
30720
30840
30960

31320
31440
31560
31680
31800
31920
32040
32160
32280

32520
32640
32760
32880
33000
33120
33240
33360
33480

33720 
33840
33960 
34080 
34200 
34320 
34440 
34560 
34680

34920
35040
35160
35280
35400
35520
35640
35760
35880

36120
36240
36360
36480
36600
36720
36840
36960
37080

37320
37440
37560
37680
37800
37920
38040
38160
38280