
1178 360
1143 390
1213 390
2378 360
2343 390
2413 390
3585 360
3550 390
3620 390
3655 420
4290 360
4255 390
4325 390
4220 420
4360 420
4395 420
4431 420
4466 420
4501 420
4536 420
4571 420
4606 420
4641 420
4676 420
4711 420
4746 390
4781 360
4816 390
4851 420
5787 390
6032 390
5822 330
5997 330
5857 270
5962 270
5892 210
5927 210
7058 360
7023 390
7093 390
8367 360
8332 390
8402 390
8297 420
8432 420
9591 360
9556 390
9626 390
9521 420
9661 420
10219 420
10618 390
10828 390
10653 330
10793 330
10688 270
10758 270
10723 240
11966 330
11931 390
12001 390
11970 360
12569 390
12744 390
12604 330
12709 330
12639 270
12674 270
13180 360
13145 390
13215 390
14222 390
14432 390
14257 330
14397 330
14292 270
14362 270
14327 240
15286 360
15636 360
15321 300
15601 300
15356 240
15566 240
15391 180
15531 180
15426 120
15496 120
15461 90
16728 390
16763 360
16798 390
16833 420
16868 420
16903 420
16938 420
16973 420
17008 420
17043 420
17078 420
17113 420
17148 420
17183 420
17218 420
17252 420
17287 420
17322 420
17357 420
17392 420
17427 420
17462 420
17497 420
17532 420
17567 420
17602 420
17637 420
17672 420
17707 420
17742 420
17777 420
17812 420
17845 420
17880 420
17974 360
17939 390
18009 390
18045 420
17913 420
19023 390
19233 390
19058 360
19198 360
19093 330
19128 330
19163 330
18986 420
20376 360
20341 390
20411 390
21505 330
21435 390
21470 360
21540 360
21575 390
21628 420
21663 420
21698 420
21733 420
21768 420
21803 420
21838 420
21873 420
21908 420
21942 420
21977 420
22012 420
22047 420
22082 420
22223 300
22188 330
22258 330
22153 360
22293 360
22118 390
22328 390
22353 420
22775 360
22740 390
22810 390
23965 360
23930 390
24000 390
25181 360
25146 390
25216 390
26224 390
26434 390
26259 330
26399 330
26294 270
26364 270
26329 240
26929 390
27157 390
26982 330
27122 330
27017 270
27087 270
27052 240
27576 360
27541 390
27611 390
27506 420
27664 420
28776 330
28741 360
28811 360
29815 390
30060 390
29850 330
30025 330
29885 270
29990 270
29920 210
29955 210
31013 390
31223 390
31048 330
31188 330
31083 270
31153 270
31118 240
32357 360
32322 390
32392 390
32439 420
34768 360
34733 390
34803 390
34838 420
37184 360
37149 390
37219 390
