
595 120
595 150
595 180
595 210
595 240
630 180
665 180
665 120
665 150
665 210
665 240
872 120
872 150
872 180
872 210
872 240
907 240
942 240
1146 120
1146 150
1146 180
1146 210
1146 240
1181 120
1216 120
1216 150
1216 180
1216 210
1216 240
1181 240
7343 240
7308 210
7273 240
7308 240
7378 240
7413 240
7378 210
7308 270
7343 270
7343 270
7378 270
7343 300
13510 120
13510 120
13510 150
13510 180
13510 210
13510 240
13545 120
13580 150
13545 180
13580 210
13615 240
13580 120
13685 120
13685 150
13685 180
13685 210
13685 240
13720 240
13755 240
13755 210
13755 180
13755 150
13755 120
13825 240
13825 210
13825 180
13825 150
13825 120
13860 150
13895 180
13930 210
13965 240
13965 210
13965 180
13965 150
13965 120
21781 210
21886 210
21746 270
21781 300
21816 330
21851 330
21886 300
21921 270
