2813 390
2953 390
3058 390
3198 390
5920 270
5920 120
5920 150
5920 300
5990 210
6025 210
5850 210
5815 210
9025 180
9060 180
9095 180
9130 180
9165 180
10912 390
10947 390
10982 390
11017 390
11702 360
11737 360
11772 360
11807 360
15460 300
15425 270
15390 300
15425 300
15495 300
15495 270
15530 300
15425 330
15460 330
15495 330
15460 360
16548 300
16513 270
16513 300
16478 300
16583 270
16583 300
16618 300
16513 330
16548 330
16583 330
16548 360
16826 300
16861 270
16861 300
16896 300
16931 270
16931 300
16966 300
16861 330
16896 330
16931 330
16896 360
18113 360
18148 360
18183 360
18218 360
19399 360
19434 360
19469 360
19399 390
19434 390
19469 390
19889 360
19924 360
19959 360
19889 390
19924 390
19959 390
20738 360
20773 360
20808 360
20738 390
20773 390
20808 390
20983 360
21018 360
21053 360
20983 390
21018 390
21053 390
25305 360
25340 360
25375 360
25410 360
25972 360
26007 360
26042 360
26077 360
27256 330
27221 360
27466 180
27501 150
27186 330
27186 360
27186 390
27221 390
27256 390
27466 120
27501 120
27536 120
27536 150
27536 180
30840 210
30875 180
30910 210
30945 180
30980 210
30876 210
30946 210
30876 240
30911 240
30946 240
30911 270
35282 390
35317 360
35352 390
35247 360
35212 390
35177 360
35142 390
35107 360
35072 390
35037 360
35002 390
34967 360
34932 390
35387 360
35422 390
35457 360
35492 390
35527 360
35562 390
35597 360
35632 390
35669 360
35704 390
35739 360
35774 390
35809 360
35844 390
36316 390
36351 390
36386 390
36421 390
36561 390
36596 390
36631 390
36666 390
