
2815 360
2850 390
2885 390
2920 390
2955 360
3063 360
3098 390
3133 390
3168 390
3203 360
2993 390
3028 390
3238 390
2783 390
3906 180
3976 180
3836 240
4046 240
3801 300
4081 300
3766 360
4116 360
3731 420
4151 420
5175 450
5210 450
5245 450
5245 450
5280 450
5315 450
5350 450
5385 450
5420 450
5455 450
5856 210
5996 210
7273 360
7308 330
7343 360
7378 330
7413 360
8149 210
8184 180
8009 300
7974 330
7939 300
7939 330
7939 360
7974 360
8009 360
8149 150
8184 150
8219 150
8219 180
8219 210
10916 360
10951 360
10986 360
11021 360
11703 330
11738 330
11773 330
11808 330
12111 360
12146 330
12181 360
12216 330
12251 360
12286 330
12321 360
12356 330
12391 360
12426 330
12461 360
14521 330
14556 330
14591 330
14626 330
15087 330
15122 330
15157 330
15192 330
15928 360
15963 360
15998 360
16033 360
16165 360
16200 360
16235 360
16235 360
16270 360
17114 330
17149 330
17184 330
17219 330
17365 330
17400 330
17435 330
17470 330
18116 330
18151 330
18186 330
18221 330
19100 300
19135 300
19170 300
19402 300
19437 300
19437 300
19472 300
19402 330
19437 330
19472 330
19891 300
19926 300
19961 300
19891 330
19926 330
19961 330
20742 300
20777 300
20812 300
20742 330
20777 330
20812 330
20987 300
21022 300
21057 300
20987 330
21022 330
21057 330
22465 330
22430 360
22605 240
22640 210
22395 330
22395 360
22395 390
22430 390
22465 390
22605 180
22640 180
22640 180
22675 180
22675 210
22675 240
23100 450
23135 450
23170 450
23205 450
23240 450
23275 450
23310 450
23345 450
23380 450
23415 450
23450 450
23485 450
23520 450
25305 330
25340 330
25375 330
25410 330
25975 330
26010 330
26045 330
26080 330
26499 360
26534 330
26569 360
26604 330
26639 360
26674 330
26709 360
26744 330
26779 360
26814 330
26849 360
27330 270
27295 240
27260 270
27295 270
27365 270
27400 240
27400 270
27435 270
27295 300
27330 300
27365 300
27400 300
27330 330
27365 330
27260 240
27295 210
27330 240
27365 240
27400 210
27435 240
27260 210
27295 180
27330 210
27365 210
27400 180
27435 210
27225 240
27470 240
27344 360
28935 390
28970 390
29005 390
29040 390
29075 390
29110 390
29145 390
28906 390
31703 450
31738 450
31773 450
31808 450
32686 450
32686 450
32721 450
32756 450
32947 450
32982 450
33017 450
33727 450
33762 450
33797 450
33832 450
33867 450
33902 450
33937 450
33972 450
34935 360
34970 330
35005 360
35040 330
35075 360
35110 330
35145 360
35180 330
35215 360
35250 330
35285 360
35320 330
35320 360
35355 360
35390 330
35425 360
35460 330
35495 360
35530 330
35565 360
35597 330
35632 360
35667 330
35701 360
35736 330
35771 360
35806 330
35841 360
36321 360
36356 360
36391 360
36426 360
36566 360
36601 360
36636 360
36671 360
37392 360
37427 330
37462 360
37497 330
37532 360
37567 330
37602 360
37637 330
37672 360
37707 330
37742 360
37777 330
37812 360
37847 330
37882 360
37917 330
37952 360
37987 330
38022 360
38057 330
38092 360
