
735 120
770 120
805 120
735 150
735 180
735 210
735 240
770 240
805 240
770 180
805 180
1010 120
1010 150
1010 180
1010 210
1010 240
1045 240
1080 240
1284 120
1284 150
1284 180
1284 240
8050 210
8010 240
8045 240
8080 240
8115 210
8115 240
8150 240
8045 270
8080 270
8115 270
8080 300
14046 120
14046 150
14046 180
14046 240
22490 240
22455 270
22490 270
22525 270
22560 270
22560 240
22595 270
22490 300
22525 300
22560 300
22525 330
29230 360
29265 330
29265 360
29300 360
29335 330
29335 360
29370 360
29265 390
29300 390
29335 390
29300 420
29475 360
29510 330
29510 360
29545 360
29580 330
29580 360
29615 360
29510 390
29545 390
29580 390
29545 420
30211 270
30211 240
30211 210
30211 180
30211 150
30246 180
30281 210
30316 240
30351 270
30351 240
30351 210
30351 180
30351 150
30421 150
30421 180
30421 210
30421 240
30421 270
30491 150
30526 150
30561 150
30491 180
30491 210
30491 240
30491 270
30526 270
30561 270
30631 150
30666 150
30701 150
30631 180
30631 210
30666 210
30701 210
30631 240
30631 270
30666 270
30701 270
30771 150
30771 180
30771 210
30771 270
