0 420
35 420
70 420
105 420
140 420
175 420
210 420
245 420
280 420
315 420
350 420
385 420
420 420
455 420
490 420
525 420
560 420
595 420
630 420
665 420
700 420
735 420
770 420
805 420
840 420
875 420
910 420
945 420
981 420
1016 420
1051 420
1086 420
1265 420
1300 420
1335 420
1370 420
1405 420
1440 420
1475 420
1510 390
1545 360
1580 390
1615 420
1650 420
1685 420
1720 420
1755 390
1790 360
1825 390
1860 420
1895 420
1930 420
1967 420
1999 390
2034 360
2069 390
2104 420
2139 420
2174 420
2209 420
2244 420
2279 420
2476 420
2511 420
2546 420
2581 420
2616 420
2651 420
2686 420
2721 420
2756 420
2791 420
2826 420
2861 420
2896 420
2931 420
2966 420
3001 420
3036 420
3071 420
3106 420
3141 420
3176 420
3211 420
3246 420
3281 420
3316 420
3354 420
3389 420
3424 420
3459 420
3494 420
3937 150
3867 210
4007 210
4042 270
3832 270
3797 330
3762 390
3692 450
4077 330
4112 390
4182 420
4878 420
4913 420
4948 420
4983 420
5018 420
5053 420
5088 420
5123 420
5158 420
5193 420
5228 420
5263 420
5298 420
5333 420
5368 420
5403 420
5438 420
5473 420
5509 420
5544 420
5579 420
5614 420
5649 420
5684 420
5719 420
5754 420
6345 360
6310 390
6380 390
6275 420
6415 420
6065 420
6100 420
6135 420
6170 420
6205 420
6240 420
6450 420
6485 420
6520 420
6555 420
6695 210
6660 270
6625 330
6590 390
6730 270
6765 330
6804 390
6839 420
6874 420
6909 420
6944 420
6979 420
7661 360
7626 390
7591 420
7696 390
7731 420
7766 420
7801 420
7836 420
7871 390
7906 360
7941 390
7136 420
7171 420
7206 420
7241 420
7276 420
7311 420
7346 420
7381 420
7416 420
7451 420
7486 420
7521 420
7556 420
7979 420
8014 420
8049 420
8084 420
8119 420
8154 420
8189 420
8224 420
8259 420
8465 420
8500 420
8535 420
8570 420
8605 420
8640 420
8675 420
8710 420
8745 420
8780 420
8815 420
8850 420
8885 420
9275 420
9310 420
9345 420
9380 420
9415 420
9450 420
9485 420
9937 180
9902 240
9972 240
9832 300
9867 300
10007 300
10042 300
9797 330
9762 390
9727 420
9692 420
10077 330
10112 390
10147 420
10182 420
10369 420
10404 420
10439 420
10474 420
10509 420
10544 420
10579 420
10853 420
10888 420
10923 420
10958 420
10993 420
11028 420
11063 420
11098 420
11133 420
11168 420
11203 420
11238 420
11378 210
11413 270
11343 270
11308 330
11448 330
11483 390
11273 390
11523 420
11558 420
11593 420
11628 420
11663 420
11698 420
11733 420
11768 420
11803 420
11838 420
11873 420
12064 420
12099 420
12134 420
12169 420
12204 420
12239 420
12274 420
12309 420
12344 420
12379 420
12414 420
12449 420
12519 420
12490 420
12781 420
12816 420
12851 420
12886 420
12921 420
12956 420
12991 420
13026 420
13061 420
13096 420
13269 420
13304 420
13339 420
13374 420
13409 420
13444 420
13479 420
13503 390
13538 360
13573 390
13608 420
13643 420
13678 420
13678 420
13713 420
13748 390
13783 360
13818 390
13853 420
13888 420
13923 420
13958 420
13993 390
14028 360
14063 390
14098 420
14133 420
14175 420
14859 240
14824 270
14894 270
14789 330
14929 330
14719 390
14999 390
14474 420
14509 420
14579 420
14544 420
14614 420
14649 420
14684 420
15034 420
15069 420
15104 420
15139 420
15174 420
15209 420
15244 420
15695 420
15730 420
15765 420
15800 420
15835 420
15870 420
15905 420
15940 420
15975 420
16010 420
16045 420
16080 420
16115 420
16150 420
16185 420
16220 420
16255 420
16290 420
16325 420
16360 420
16395 420
16430 420
16465 420
16500 420
16537 420
16572 420
16607 420
16642 420
16677 420
18074 420
18109 420
18144 420
18179 420
18214 420
18249 420
18284 420
18886 420
18921 420
18956 420
19269 420
19304 420
19339 420
19374 420
19409 420
19444 420
19479 420
19514 420
19514 420
19549 420
19654 270
19619 330
19584 390
19689 330
19724 390
19759 420
19794 420
19829 420
19864 420
19899 420
19934 420
19969 420
20004 420
20039 420
20074 420
20109 420
20144 420
20179 420
20214 420
20249 420
20284 420
20464 420
20499 420
20534 420
20569 420
20604 420
20639 420
20674 420
20744 420
20709 420
20779 420
20814 420
20849 420
20884 420
20919 420
20954 420
20989 420
21024 420
21059 420
21094 420
21129 420
21164 420
21199 420
21234 420
21269 420
21304 420
21339 420
21374 420
22384 420
22419 420
22454 420
22489 420
22524 420
22559 420
22594 420
22629 420
22664 420
22699 420
22850 420
22885 420
22920 420
22955 420
22990 390
23025 360
23060 390
23095 420
23130 420
23165 420
23200 420
23235 420
23270 420
23305 420
23340 420
23375 420
23410 420
23445 420
23480 420
23515 420
23620 240
23585 300
23550 360
23659 300
23694 360
23729 420
23764 420
23799 420
23834 420
23869 420
24053 420
24088 420
24123 420
24158 420
24193 420
24228 420
24298 420
24263 420
24310 390
24345 360
24380 390
24415 420
24450 420
24485 420
24520 420
24555 390
24590 360
24625 390
24660 420
24695 420
24730 420
24818 210
24783 270
24853 270
24748 330
24713 390
24888 330
24923 390
24958 420
24993 420
25031 420
25066 420
25101 420
25270 420
25305 420
25340 420
25375 420
25410 420
25445 420
25480 420
25515 420
25550 420
25585 420
25620 420
25655 420
25690 420
25725 420
25760 420
25795 420
25830 420
25865 420
25900 420
25935 420
25970 420
26005 420
26040 420
26075 420
26110 420
26144 420
26179 420
26467 420
26502 420
26537 420
26572 420
26607 420
26642 420
26677 420
26712 420
26747 420
26782 420
26817 420
26852 420
26887 420
27192 420
27227 420
27262 420
27297 420
27332 420
27367 420
27402 420
27437 420
27472 420
27694 420
27729 420
27764 420
27799 420
27834 420
27869 420
27904 390
27939 360
27974 390
28009 420
28044 420
28079 420
28114 420
28149 390
28184 360
28219 390
28254 420
28289 420
28324 420
28412 240
28377 300
28342 360
28447 300
28482 360
28517 420
28552 420
28587 420
28623 420
28658 420
28693 420
28865 420
28900 420
28935 420
28970 420
29005 420
29040 420
29075 420
29110 420
29145 420
29180 420
29215 420
29250 420
29285 420
29320 420
29355 420
29390 420
29425 420
29460 420
29495 420
29530 420
29565 420
29600 420
29635 420
29670 420
29708 420
29743 420
29778 420
30089 420
30124 420
30159 420
30194 420
30229 420
30264 420
30299 420
30334 420
30369 420
30404 420
30404 420
30439 420
30474 420
30509 420
30544 420
30579 420
30614 420
30649 420
30684 420
30719 420
30754 420
30789 420
30824 420
30859 420
30894 420
30929 420
30964 420
31260 420
31295 420
31330 420
31365 420
31400 420
31435 420
31470 420
31505 420
31540 420
31575 420
31610 420
31645 420
31680 420
31715 420
31750 420
31785 420
31785 420
31820 420
31855 420
31890 420
31925 420
32020 360
31985 390
32055 390
32090 420
32125 420
31950 420
32160 420
32195 420
32230 420
32264 420
32857 150
32787 240
32927 240
32717 330
32997 330
32647 390
33067 390
32577 420
32542 420
32507 420
32472 420
33137 420
33172 420
33207 420
33241 420
33276 420
33311 420
33349 420
33384 420
33419 420
33454 420
33489 420
33562 360
33597 360
33527 390
33632 390
33667 420
33702 420
33737 420
33772 420
33807 420
33842 420
33877 420
33912 420
33947 420
33982 420
34017 420
34052 420
34087 420
34122 420
34157 420
34192 420
34227 420
34262 420
34297 420
34332 420
34420 240
34385 300
34350 360
34458 210
34493 210
34528 240
34573 300
34608 360
34643 420
34678 420
34868 420
34903 420
34938 420
34973 420
35043 420
35008 420
35078 420
35113 420
35148 420
35183 420
35218 420
35253 420
35288 420
35323 420
35358 420
35393 420
35428 420
35463 420
35498 420
35533 420
35568 420
35603 420
35638 420
35678 420
35713 420
35748 420
35783 420
35818 420
35853 420
35888 420
35933 390
35968 360
36003 360
36038 390
36073 420
36108 420
36143 420
36178 420
36213 420
36248 420
36283 420
36318 420
36353 420
36388 420
36388 420
36423 420
36458 420
36493 420
36528 420
36563 420
36599 420
36634 420
36669 420
36704 420
36739 420
36774 420
36809 420
36844 420
36879 420
36914 420
36949 420
36984 420
37019 420
37054 420
37089 420
37270 420
37305 420
37340 420
37375 420
37410 420
37445 420
37480 420
37515 420
37550 420
37585 420
37655 420
37620 420
37690 420
37725 420
37760 420
37795 420
37830 420
37865 420
37900 420
37935 420
37970 420
38005 420
38040 420
38075 420
38112 420
38147 420
38182 420
38217 420
38252 420
38287 420
